Kilka liczb z rozkladu Gaussa
144.836
138.875
142.942
134.126
125.615
139.913
138.632
139.483
141.761
135.209
139.142
145.272
145.874
141.947
142.517
142.028
145.078
147.514
137.741
144.841
140.394
136.311
142.246
139.135
139.358
141.658
142.327
154.721
141.568
139.685

Kilka liczb z rozkladu Poissona
65
54
62
63
54
48
65
51
43
51
50
77
54
47
53
49
53
55
58
46
65
58
56
60
51
66
45
53
55
69

Kilka liczb z rozkladu jednorodnego
7.67545e+170
3.03428e-86
3.03428e-86
3.03428e-86
3.03428e-86
3.03428e-86
3.03428e-86
3.03428e-86
3.03428e-86
3.03428e-86
3.03428e-86
3.03428e-86
3.03428e-86
3.03428e-86
3.03428e-86
3.03428e-86
3.03428e-86
3.03428e-86
3.03428e-86
3.03428e-86
3.03428e-86
3.03428e-86
3.03428e-86
3.03428e-86
3.03428e-86
3.03428e-86
3.03428e-86
3.03428e-86
3.03428e-86
3.03428e-86

